0.343412526997840
0.347732181425486
0.352051835853132
0.356371490280778
0.360691144708423
0.365010799136069
0.369330453563715
0.373650107991361
0.377969762419007
0.382289416846652
0.386609071274298
0.390928725701944
0.395248380129590
0.399568034557236
0.403887688984881
0.408207343412527
0.412526997840173
0.416846652267819
0.421166306695464
0.425485961123110
0.429805615550756
0.434125269978402
0.438444924406048
0.442764578833693
0.447084233261339
0.451403887688985
0.455723542116631
0.460043196544277
0.464362850971922
0.468682505399568
0.473002159827214
0.477321814254860
0.481641468682506
0.485961123110151
0.490280777537797
0.494600431965443
0.498920086393089
0.503239740820735
0.507559395248380
0.511879049676026
0.516198704103672
0.520518358531318
0.524838012958963
0.529157667386609
0.533477321814255
0.537796976241901
0.542116630669547
0.546436285097192
0.550755939524838
0.555075593952484
0.559395248380130
0.563714902807776
0.568034557235421
0.572354211663067
0.576673866090713
0.580993520518359
0.585313174946004
0.589632829373650
0.593952483801296
0.598272138228942
0.602591792656588
0.606911447084234
0.611231101511879
0.615550755939525
0.619870410367171
0.624190064794817
0.628509719222462
0.632829373650108
0.637149028077754
0.641468682505400
0.645788336933046
0.650107991360691
0.654427645788337
0.658747300215983
0.663066954643629
0.667386609071275
0.671706263498920
0.676025917926566
0.680345572354212
0.684665226781858
0.688984881209503
0.693304535637149
0.697624190064795
0.701943844492441
0.706263498920087
0.710583153347733
0.714902807775378
0.719222462203024
0.723542116630670
0.727861771058316
0.732181425485961
0.736501079913607
0.740820734341253
0.745140388768899
0.749460043196545
0.753779697624190
0.758099352051836
0.762419006479482
0.766738660907128
0.771058315334773
0.775377969762419
0.779697624190065
0.784017278617711
0.788336933045357
0.792656587473002
0.796976241900648
0.801295896328294
0.805615550755940
0.809935205183586
0.814254859611231
0.818574514038877
0.822894168466523
0.827213822894169
0.831533477321815
0.835853131749460
0.840172786177106
0.844492440604752
0.848812095032398
0.853131749460043
0.857451403887689
0.861771058315335
0.866090712742981
0.870410367170627
0.874730021598272
0.879049676025918
0.883369330453564
0.887688984881210
0.892008639308856
0.896328293736501
0.900647948164147
0.904967602591793
0.909287257019439
0.913606911447084
0.917926565874730
0.922246220302376
0.926565874730022
0.930885529157668
0.935205183585313
0.939524838012959
0.943844492440605
0.948164146868251
0.952483801295897
0.956803455723542
0.961123110151188
0.965442764578834
0.969762419006480
0.974082073434126
0.978401727861771
0.982721382289417
0.987041036717063
0.991360691144709
0.995680345572355
1.00000000000000
1.00431965442765
1.00863930885529
1.01295896328294
1.01727861771058
1.02159827213823
1.02591792656587
1.03023758099352
1.03455723542117
1.03887688984881
1.04319654427646
1.04751619870410
1.05183585313175
1.05615550755940