85.33	0
86.11	0
86.81	0
87.44	0
88.01	0
88.54	0
89.02	0
89.46	0
89.87	0
90.24	0
90.59	0
90.92	0
91.23	0
91.51	0
91.78	0
92.03	0
92.27	0
92.49	0
92.7	0
92.9	0
93.09	0
93.27	0
93.44	0
93.6	0
93.75	0
93.9	0
94.04	0
94.17	0
94.3	0
94.43	0
94.54	0
94.66	0
94.76	0
94.87	0
94.97	0
95.07	0
95.16	0
95.25	0
95.34	0
95.42	0
95.5	0
95.58	0
95.65	0
95.73	0
95.8	0
95.86	0
95.93	0
96	0
96.06	0
96.12	0
96.18	0
96.23	0
96.29	0
96.34	0
96.4	0
96.45	0
96.5	0
96.54	0
96.59	0
96.64	0
96.68	0
96.73	0
96.77	0
96.81	0
96.85	0
96.89	0
96.93	0
96.97	0
97	0
97.04	0
97.08	0
97.11	0
97.14	0
97.18	0
97.21	0
97.24	0
97.27	0
97.3	0
97.33	0
97.36	0
97.39	0
97.42	0
97.44	0
97.47	0
97.5	0
97.52	0
97.55	0
97.57	0
97.6	0
97.62	0
97.65	0
97.67	0
97.69	0
97.72	0
97.74	0
97.76	0
97.78	0
97.8	0
97.82	0
97.84	0
97.86	0
97.88	0
97.9	0
97.92	0
97.94	0
97.96	0
97.98	0
97.99	0
98.01	0
98.03	0
98.04	0
98.06	0
98.08	0
98.09	0
98.11	0
98.13	0
98.14	0
98.16	0
98.17	0
98.19	0
98.2	0
98.22	0
98.23	0
98.25	0
98.26	0
98.27	0
98.29	0
98.3	0
98.31	0
98.33	0
98.34	0
98.35	0
98.37	0
98.38	0
98.39	0
98.4	0
98.41	0
98.43	0
98.44	0
98.45	0
98.46	0
98.47	0
98.48	0
98.5	0
98.51	0
98.52	0
98.53	0
98.54	0
98.55	0
98.56	0
98.57	0
98.58	0
98.59	0
98.6	0
98.61	0
98.62	0
98.63	0
98.64	0
98.65	0
98.66	0
98.67	0
98.68	0
98.68	0
98.69	0
98.7	0
98.71	0
98.72	0
98.73	0
98.74	0
98.75	0
98.75	0
98.76	0
98.77	0
98.78	0
98.79	0
98.79	0
98.8	0
98.81	0
98.82	0
98.83	0
98.83	0
98.84	0
98.85	0
98.86	0
98.86	0
98.87	0
98.88	0
98.88	0
98.89	0
98.9	0
98.91	0
98.91	0
98.92	0
98.93	0
98.93	0
98.94	0
98.95	0
98.95	0
98.96	0
98.97	0
98.97	0
98.98	0
98.99	0
98.99	0
99	0
99	0
99.01	0
99.02	0
99.02	0
99.03	0
99.03	0
99.04	0
99.05	0
99.05	0
99.06	0
99.06	0
99.07	0
99.08	0
99.08	0
99.09	0
99.09	0
99.1	0
99.1	0
99.11	0
99.11	0
99.12	0
99.12	0
99.13	0
99.14	0
99.14	0
99.15	0
99.15	0
99.16	0
99.16	0
99.17	0
99.17	0
99.18	0
99.18	0
99.19	0
99.19	0
99.2	0
99.2	0
99.21	0
99.21	0
99.22	0
99.22	0
99.22	0
99.23	0
99.23	0
99.24	0
99.24	0
99.25	0
99.25	0
99.26	0
99.26	0
99.27	0
99.27	0
99.28	0
99.28	0
99.28	0
99.29	0
99.29	0
99.3	0
99.3	0
99.31	0
99.31	0
99.31	0
99.32	0
99.32	0
99.33	0
99.33	0
99.33	0
99.34	0
99.34	0
99.35	0
99.35	0
99.36	0
99.36	0
99.36	0
99.37	0
99.37	0
99.37	0
99.38	0
99.38	0
99.39	0
99.39	0
99.39	0
99.4	0
99.4	0
99.41	0
99.41	0
99.41	0
99.42	0
99.42	0
99.42	0
99.43	0
99.43	0
99.44	0
99.44	0
99.44	0
99.45	0
99.45	0
99.45	0
99.46	0
99.46	0
99.46	0
99.47	0
99.47	0
99.47	0
99.48	0
99.48	0
99.48	0
99.49	0
99.49	0
99.49	0
99.5	0
99.5	0
99.51	0
99.51	0
99.51	0
99.52	0
99.52	0
99.52	0
99.53	0
99.53	0
99.53	0
99.53	0
99.54	0
99.54	0
99.54	0
99.55	0
99.55	0
99.55	0
99.56	0
99.56	0
99.56	0
99.57	0
99.57	0
99.57	0
99.58	0
99.58	0
99.58	0
99.59	0
99.59	0
99.59	0
99.59	0
99.6	0
99.6	0
99.6	0
99.61	0
99.61	0
99.61	0
99.62	0
99.62	0
99.62	0
99.62	0
99.63	0
99.63	0
99.63	0
99.64	0
99.64	0
99.64	0
99.65	0
99.65	0
99.65	0
99.65	0
99.66	0
99.66	0
99.66	0
99.67	0
99.67	0
99.67	0
99.67	0
99.68	0
99.68	0
99.68	0
99.69	0
99.69	0
99.69	0
99.69	0
99.7	0
99.7	0
99.7	0
99.7	0
99.71	0
99.71	0
99.71	0
99.72	0
99.72	0
99.72	0
99.72	0
99.73	0
99.73	0
99.73	0
99.73	0
99.74	0
99.74	0
99.74	0
99.75	0
99.75	0
99.75	0
99.75	0
99.76	0
99.76	0
99.76	0
99.76	0
99.77	0
99.77	0
99.77	0
99.77	0
99.78	0
99.78	0
99.78	0
99.78	0
99.79	0
99.79	0
99.79	0
99.8	0
99.8	0
99.8	0
99.8	0
99.81	0
99.81	0
99.81	0
99.81	0
99.82	0
99.82	0
99.82	0
99.82	0
99.83	0
99.83	0
99.83	0
99.83	0
99.84	0
99.84	0
99.84	0
99.84	0
99.85	0
99.85	0
99.85	0
99.85	0
99.86	0
99.86	0
99.86	0
99.86	0
99.87	0
99.87	0
99.87	0
99.87	0
99.88	0
99.88	0
99.88	0
99.88	0
99.89	0
99.89	0
99.89	0
99.89	0
99.9	0
99.9	0
99.9	0
99.9	0
99.91	0
99.91	0
99.91	0
99.91	0
99.92	0
99.92	0
99.92	0
99.92	0
99.93	0
99.93	0
99.93	0
99.93	0
99.94	0
99.94	0
99.94	0
99.94	0
99.95	0
99.95	0
99.95	0
99.95	0
99.96	0
99.96	0
99.96	0
99.96	0
99.96	0
99.97	0
99.97	0
99.97	0
99.97	0
99.98	0
99.98	0
99.98	0
99.98	0
99.99	0
99.99	0
99.99	0
99.99	0
100	0
100	0
100	0
100	0
100.01	0
100.01	0
100.01	0
100.01	0
100.02	0
100.02	0
100.02	0
100.02	0
100.03	0
100.03	0
100.03	0
100.03	0
100.04	0
100.04	0
100.04	0
100.04	0
100.04	0
100.05	0
100.05	0
100.05	0
100.05	0
100.06	0
100.06	0
100.06	0
100.06	0
100.07	0
100.07	0
100.07	0
100.07	0
100.08	0
100.08	0
100.08	0
100.08	0
100.09	0
100.09	0
100.09	0
100.09	0
100.1	0
100.1	0
100.1	0
100.1	0
100.11	0
100.11	0
100.11	0
100.11	0
100.12	0
100.12	0
100.12	0
100.12	0
100.13	0
100.13	0
100.13	0
100.13	0
100.14	0
100.14	0
100.14	0
100.14	0
100.15	0
100.15	0
100.15	0
100.15	0
100.16	0
100.16	0
100.16	0
100.16	0
100.17	0
100.17	0
100.17	0
100.17	0
100.18	0
100.18	0
100.18	0
100.18	0
100.19	0
100.19	0
100.19	0
100.19	0
100.2	0
100.2	0
100.2	0
100.2	0
100.21	0
100.21	0
100.21	0
100.22	0
100.22	0
100.22	0
100.22	0
100.23	0
100.23	0
100.23	0
100.23	0
100.24	0
100.24	0
100.24	0
100.24	0
100.25	0
100.25	0
100.25	0
100.25	0
100.26	0
100.26	0
100.26	0
100.27	0
100.27	0
100.27	0
100.27	0
100.28	0
100.28	0
100.28	0
100.28	0
100.29	0
100.29	0
100.29	0
100.3	0
100.3	0
100.3	0
100.3	0
100.31	0
100.31	0
100.31	0
100.31	0
100.32	0
100.32	0
100.32	0
100.33	0
100.33	0
100.33	0
100.33	0
100.34	0
100.34	0
100.34	0
100.35	0
100.35	0
100.35	0
100.35	0
100.36	0
100.36	0
100.36	0
100.37	0
100.37	0
100.37	0
100.38	0
100.38	0
100.38	0
100.38	0
100.39	0
100.39	0
100.39	0
100.4	0
100.4	0
100.4	0
100.41	0
100.41	0
100.41	0
100.41	0
100.42	0
100.42	0
100.42	0
100.43	0
100.43	0
100.43	0
100.44	0
100.44	0
100.44	0
100.45	0
100.45	0
100.45	0
100.46	0
100.46	0
100.46	0
100.47	0
100.47	0
100.47	0
100.47	0
100.48	0
100.48	0
100.48	0
100.49	0
100.49	0
100.49	0
100.5	0
100.5	0
100.51	0
100.51	0
100.51	0
100.52	0
100.52	0
100.52	0
100.53	0
100.53	0
100.53	0
100.54	0
100.54	0
100.54	0
100.55	0
100.55	0
100.55	0
100.56	0
100.56	0
100.56	0
100.57	0
100.57	0
100.58	0
100.58	0
100.58	0
100.59	0
100.59	0
100.59	0
100.6	0
100.6	0
100.61	0
100.61	0
100.61	0
100.62	0
100.62	0
100.63	0
100.63	0
100.63	0
100.64	0
100.64	0
100.64	0
100.65	0
100.65	0
100.66	0
100.66	0
100.67	0
100.67	0
100.67	0
100.68	0
100.68	0
100.69	0
100.69	0
100.69	0
100.7	0
100.7	0
100.71	0
100.71	0
100.72	0
100.72	0
100.72	0
100.73	0
100.73	0
100.74	0
100.74	0
100.75	0
100.75	0
100.76	0
100.76	0
100.77	0
100.77	0
100.78	0
100.78	0
100.78	0
100.79	0
100.79	0
100.8	0
100.8	0
100.81	0
100.81	0
100.82	0
100.82	0
100.83	0
100.83	0
100.84	0
100.84	0
100.85	0
100.85	0
100.86	0
100.86	0
100.87	0
100.88	0
100.88	0
100.89	0
100.89	0
100.9	0
100.9	0
100.91	0
100.91	0
100.92	0
100.92	0
100.93	0
100.94	0
100.94	0
100.95	0
100.95	0
100.96	0
100.97	0
100.97	0
100.98	0
100.98	0
100.99	0
101	0
101	0
101.01	0
101.01	0
101.02	0
101.03	0
101.03	0
101.04	0
101.05	0
101.05	0
101.06	0
101.07	0
101.07	0
101.08	0
101.09	0
101.09	0
101.1	0
101.11	0
101.12	0
101.12	0
101.13	0
101.14	0
101.14	0
101.15	0
101.16	0
101.17	0
101.17	0
101.18	0
101.19	0
101.2	0
101.21	0
101.21	0
101.22	0
101.23	0
101.24	0
101.25	0
101.25	0
101.26	0
101.27	0
101.28	0
101.29	0
101.3	0
101.31	0
101.32	0
101.32	0
101.33	0
101.34	0
101.35	0
101.36	0
101.37	0
101.38	0
101.39	0
101.4	0
101.41	0
101.42	0
101.43	0
101.44	0
101.45	0
101.46	0
101.47	0
101.48	0
101.49	0
101.5	0
101.52	0
101.53	0
101.54	0
101.55	0
101.56	0
101.57	0
101.59	0
101.6	0
101.61	0
101.62	0
101.63	0
101.65	0
101.66	0
101.67	0
101.69	0
101.7	0
101.71	0
101.73	0
101.74	0
101.75	0
101.77	0
101.78	0
101.8	0
101.81	0
101.83	0
101.84	0
101.86	0
101.87	0
101.89	0
101.91	0
101.92	0
101.94	0
101.96	0
101.97	0
101.99	0
102.01	0
102.02	0
102.04	0
102.06	0
102.08	0
102.1	0
102.12	0
102.14	0
102.16	0
102.18	0
102.2	0
102.22	0
102.24	0
102.26	0
102.28	0
102.31	0
102.33	0
102.35	0
102.38	0
102.4	0
102.43	0
102.45	0
102.48	0
102.5	0
102.53	0
102.56	0
102.58	0
102.61	0
102.64	0
102.67	0
102.7	0
102.73	0
102.76	0
102.79	0
102.82	0
102.86	0
102.89	0
102.92	0
102.96	0
103	0
103.03	0
103.07	0
103.11	0
103.15	0
103.19	0
103.23	0
103.27	0
103.32	0
103.36	0
103.41	0
103.46	0
103.5	0
103.55	0
103.6	0
103.66	0
103.71	0
103.77	0
103.82	0
103.88	0
103.94	0
104	0
104.07	0
104.14	0
104.2	0
104.27	0
104.35	0
104.42	0
104.5	0
104.58	0
104.66	0
104.75	0
104.84	0
104.93	0
105.03	0
105.13	0
105.24	0
105.34	0
105.46	0
105.57	0
105.7	0
105.83	0
105.96	0
106.1	0
106.25	0
106.4	0
106.56	0
106.73	0
106.91	0
107.1	0
107.3	0
107.51	0
107.73	0
107.97	0
108.22	0
108.49	0
108.77	0
109.08	0
109.41	0
109.76	0
110.13	0
110.54	0
110.98	0
111.46	0
111.99	0
112.56	0
113.19	0
113.89	0
114.67	0